ACQUISITION INFORMATION

Detector ID:  1
Detector description:
CNS-B-PMAD13521 926
Sample description:

Real Time:  84.139998
Live Time:  67.979998
Acquisition start date:  02Mar2023
Acquisition start time:  16:27:13
Starting channel number:   0
Number of channels:   2048


CALIBRATION INFORMATION

ENERGY CALIBRATION
Units:
Energy Fit:  0.000000E+000  9.631732E-001  0.000000E+000
FWHM Fit:  9.780733E-001  0.000000E+000  0.000000E+000
Efficiency Terms:  0.000000  0.000000  0.000000  0.000000  0.000000
  0.000000  0.000000  0.000000  0.000000  0.000000


SPECTRUM
     0:          0          0          0          0          0
     5:          0          0          0          1          0
    10:          0          1          0          2         64
    15:        371        392        386        406        410
    20:        418        475        526        593        787
    25:        980       1389       1781       2511       3273
    30:       4482       6100       7677       9559      11553
    35:      13294      14830      16108      16683      16993
    40:      16605      15685      14854      13639      12300
    45:      10488       8924       7367       5948       4806
    50:       3769       2927       2324       1866       1570
    55:       1371       1158       1084       1022        977
    60:       1006        996       1013       1018       1041
    65:       1063       1002       1152       1102       1194
    70:       1256       1228       1330       1441       1510
    75:       1573       1703       1862       1986       2156
    80:       2283       2505       2691       3001       3137
    85:       3493       3747       3906       4165       4396
    90:       4511       4686       4685       4736       4682
    95:       4683       4671       4466       4394       4251
   100:       4023       3941       3846       3662       3473
   105:       3369       3155       3026       2921       2657
   110:       2508       2159       1918       1769       1527
   115:       1299       1244       1058        959        825
   120:        762        681        652        598        637
   125:        611        626        637        633        628
   130:        602        620        627        634        632
   135:        563        543        588        593        547
   140:        560        541        519        520        531
   145:        483        485        447        469        460
   150:        453        434        425        374        399
   155:        397        379        380        361        381
   160:        385        396        381        354        375
   165:        400        390        394        396        405
   170:        365        424        404        423        437
   175:        452        489        433        447        443
   180:        473        453        452        445        478
   185:        464        467        501        478        468
   190:        462        508        469        465        449
   195:        470        488        464        436        424
   200:        468        442        461        439        414
   205:        444        444        428        428        407
   210:        442        415        433        412        428
   215:        385        378        384        338        368
   220:        378        396        372        361        347
   225:        349        388        363        371        371
   230:        366        352        356        341        344
   235:        360        351        328        356        312
   240:        313        329        317        304        327
   245:        314        349        301        315        299
   250:        302        293        310        302        283
   255:        325        297        313        309        290
   260:        294        304        263        274        328
   265:        316        301        327        291        311
   270:        334        331        343        347        349
   275:        334        362        379        400        365
   280:        393        370        444        463        477
   285:        445        478        479        537        485
   290:        549        508        557        570        562
   295:        588        650        638        617        644
   300:        681        720        681        692        732
   305:        731        799        804        763        796
   310:        826        828        825        859        881
   315:        866        919        956        964        947
   320:        981        971       1057        973        964
   325:        951       1041        973       1041       1012
   330:       1034       1048       1027        993       1070
   335:        970       1005       1035       1026       1030
   340:       1054       1052       1012       1025       1023
   345:       1067       1019       1021       1065       1086
   350:       1075       1063       1082       1189       1176
   355:       1180       1196       1278       1217       1292
   360:       1387       1435       1424       1422       1541
   365:       1519       1595       1623       1561       1674
   370:       1810       1737       1850       1899       1911
   375:       1950       1871       1972       2065       2038
   380:       2060       2106       2073       2152       2121
   385:       2169       2108       2104       2067       2131
   390:       2066       2083       2064       2012       2074
   395:       1926       1950       1873       1911       1790
   400:       1699       1766       1676       1706       1644
   405:       1591       1534       1493       1479       1502
   410:       1354       1270       1326       1227       1217
   415:       1123       1147       1096       1041       1021
   420:        940        916        891        891        862
   425:        791        806        745        749        690
   430:        701        637        644        576        578
   435:        544        516        496        489        461
   440:        482        483        384        439        382
   445:        369        347        339        331        341
   450:        314        262        275        274        253
   455:        260        253        244        231        242
   460:        216        233        207        208        168
   465:        178        203        207        196        181
   470:        155        175        165        158        151
   475:        150        158        142        137        150
   480:        123        122        122        132        141
   485:        132        118        155        120        110
   490:        116        107         96        111        109
   495:        111         84        100         75         94
   500:         63         68         75         87         58
   505:         68         69         69         58         55
   510:         70         56         56         51         53
   515:         32         50         38         56         50
   520:         32         33         32         28         39
   525:         20         30         33         33         25
   530:         32         20         24         18         23
   535:         22         22         20         14         16
   540:         21         19         15         14         15
   545:         19         12         15         15         11
   550:         16         14         15         16         13
   555:         13         20         17         13         14
   560:         10          8         15         11         10
   565:          4         10         12         13         15
   570:          9         10         12         10         12
   575:         16         11         11         10          8
   580:          9          8          5          9          6
   585:          4          3          8          8         10
   590:          6          5          9          8          2
   595:          6          6         10          7         10
   600:         11          6         12          8          5
   605:         11          5          7          8         12
   610:          9          6          8          7          9
   615:          9          6         10          6          7
   620:          7          4          8         10          4
   625:          7         11          8         12          9
   630:         11          6         10          6          6
   635:         13         13          6          5          5
   640:         13          9          9         10          6
   645:          6          7         15          9         13
   650:         15         15          7         13         10
   655:         14         17         11         12         10
   660:         10         12          9         15         12
   665:         21         12         19         11         15
   670:         21         17         14         14         21
   675:         17         21         16         11         14
   680:          8         13         18         18         22
   685:         18         23         19         18         22
   690:         18         22         23         23         19
   695:         14         21         22         14         11
   700:         20         19         17         22         20
   705:         27         13         19         24         13
   710:         14         17         11         19         23
   715:          9         17         29         26         13
   720:         19         16         19         12         12
   725:         13         16         14         15         14
   730:         13         13         11         13         12
   735:         20         16         11         10          7
   740:         13          6         14         10         12
   745:         12          5          8         10          6
   750:         11          5          9         11         12
   755:          5          7         10         10         10
   760:          6          0          5          3          5
   765:          7         11          5          3          6
   770:          2          4          6          7          0
   775:          3          3          6          3          5
   780:          2          4          3          5          4
   785:          5          3          5          5          4
   790:          5          2          3          7          3
   795:          7          3          4          0          3
   800:          3          2          6          2          5
   805:          1          1          1          2          0
   810:          4          0          3          0          2
   815:          3          2          3          1          2
   820:          0          3          2          1          3
   825:          3          5          4          2          1
   830:          2          3          2          6          2
   835:          5          0          0          0          0
   840:          1          2          1          1          0
   845:          0          2          3          2          3
   850:          2          2          2          2          1
   855:          1          2          1          3          0
   860:          2          2          0          0          1
   865:          1          0          2          1          1
   870:          2          1          1          1          1
   875:          3          0          1          3          1
   880:          2          0          0          2          2
   885:          2          1          2          0          1
   890:          0          3          0          2          0
   895:          0          1          2          1          0
   900:          0          0          1          1          0
   905:          1          1          1          4          2
   910:          0          0          1          0          1
   915:          1          0          0          0          1
   920:          1          1          1          0          2
   925:          0          1          1          0          0
   930:          0          0          0          0          1
   935:          1          1          0          4          2
   940:          2          0          1          0          1
   945:          2          1          2          2          1
   950:          1          1          0          1          2
   955:          3          1          0          2          1
   960:          0          2          1          1          2
   965:          4          1          1          1          1
   970:          1          1          1          0          2
   975:          0          1          0          2          0
   980:          0          0          1          0          0
   985:          2          1          0          0          0
   990:          1          1          0          1          0
   995:          0          1          2          1          3
  1000:          2          0          1          1          0
  1005:          1          0          0          0          0
  1010:          2          0          0          0          1
  1015:          1          1          0          1          0
  1020:          0          0          0          1          1
  1025:          1          3          1          0          1
  1030:          0          1          3          0          2
  1035:          0          0          3          2          1
  1040:          0          1          0          0          0
  1045:          0          0          0          0          1
  1050:          1          1          0          0          0
  1055:          1          1          3          1          1
  1060:          1          1          1          0          0
  1065:          1          1          1          0          0
  1070:          3          2          0          0          1
  1075:          2          0          0          0          2
  1080:          0          0          1          0          0
  1085:          1          0          1          1          0
  1090:          0          1          0          0          1
  1095:          0          0          0          0          0
  1100:          0          1          1          1          0
  1105:          0          1          0          0          0
  1110:          1          0          0          0          1
  1115:          0          1          2          2          0
  1120:          0          0          0          1          0
  1125:          0          0          2          1          2
  1130:          1          0          1          0          0
  1135:          1          0          0          0          0
  1140:          1          0          2          0          0
  1145:          1          1          1          1          1
  1150:          0          1          0          0          0
  1155:          2          0          0          0          0
  1160:          0          0          2          0          0
  1165:          1          1          0          1          2
  1170:          1          1          1          0          3
  1175:          0          0          1          0          1
  1180:          0          1          1          0          0
  1185:          1          1          0          0          4
  1190:          1          2          1          0          1
  1195:          0          0          0          0          0
  1200:          0          1          0          1          0
  1205:          1          0          0          1          0
  1210:          0          0          1          1          1
  1215:          1          2          0          1          0
  1220:          0          1          0          0          0
  1225:          0          0          0          1          2
  1230:          1          0          2          1          0
  1235:          2          0          0          0          1
  1240:          0          0          0          0          1
  1245:          0          0          2          0          0
  1250:          0          0          0          0          0
  1255:          1          0          0          0          0
  1260:          0          0          0          1          0
  1265:          0          1          0          2          0
  1270:          0          0          0          0          0
  1275:          0          0          0          0          1
  1280:          0          1          0          0          0
  1285:          1          0          0          0          3
  1290:          0          0          0          0          0
  1295:          1          2          2          0          0
  1300:          0          0          0          0          1
  1305:          1          0          0          1          0
  1310:          0          1          1          0          2
  1315:          0          0          1          1          3
  1320:          2          0          0          0          0
  1325:          1          0          0          0          0
  1330:          0          0          0          2          0
  1335:          0          1          0          0          0
  1340:          1          0          4          0          1
  1345:          0          0          0          0          2
  1350:          0          0          3          0          1
  1355:          0          1          1          0          0
  1360:          1          0          0          0          1
  1365:          0          1          1          0          0
  1370:          0          0          0          0          0
  1375:          0          0          0          2          0
  1380:          0          1          1          0          0
  1385:          0          0          1          0          0
  1390:          0          0          1          3          0
  1395:          0          0          0          0          0
  1400:          5          0          0          1          1
  1405:          0          1          0          0          1
  1410:          0          0          0          0          3
  1415:          0          1          0          0          0
  1420:          0          2          1          0          2
  1425:          0          2          0          1          0
  1430:          0          0          1          0          1
  1435:          1          1          0          1          1
  1440:          1          0          0          1          0
  1445:          1          0          0          1          1
  1450:          0          0          0          0          1
  1455:          1          2          0          0          1
  1460:          0          1          0          2          0
  1465:          1          0          1          2          1
  1470:          1          1          0          0          2
  1475:          0          0          0          2          0
  1480:          0          0          0          0          1
  1485:          0          2          1          1          1
  1490:          1          0          0          1          0
  1495:          0          1          0          1          0
  1500:          1          0          1          1          0
  1505:          1          2          0          0          1
  1510:          1          0          0          1          1
  1515:          1          2          1          0          1
  1520:          0          0          0          0          0
  1525:          1          0          2          0          0
  1530:          0          0          1          1          0
  1535:          2          0          0          0          0
  1540:          0          0          1          0          1
  1545:          1          0          0          0          1
  1550:          0          0          2          0          0
  1555:          0          0          0          0          0
  1560:          1          0          2          0          0
  1565:          0          2          0          1          0
  1570:          0          0          2          0          1
  1575:          0          0          2          1          1
  1580:          1          0          2          0          0
  1585:          0          1          0          0          1
  1590:          1          0          1          2          0
  1595:          0          1          0          0          0
  1600:          0          0          1          0          0
  1605:          1          0          0          1          0
  1610:          0          0          0          1          0
  1615:          1          0          0          2          0
  1620:          0          0          0          0          0
  1625:          0          0          0          0          0
  1630:          0          3          0          2          2
  1635:          0          0          1          0          0
  1640:          0          1          0          1          0
  1645:          0          0          1          0          0
  1650:          0          0          0          1          1
  1655:          0          0          0          0          0
  1660:          0          0          0          1          0
  1665:          0          0          0          0          1
  1670:          0          0          0          0          0
  1675:          1          1          0          0          1
  1680:          1          0          0          0          0
  1685:          0          0          0          0          0
  1690:          0          0          0          0          1
  1695:          0          0          1          0          1
  1700:          0          0          1          1          1
  1705:          1          0          0          0          0
  1710:          0          1          1          0          1
  1715:          0          0          0          0          1
  1720:          0          0          0          1          0
  1725:          0          1          1          0          0
  1730:          0          0          0          0          0
  1735:          0          0          0          0          0
  1740:          0          0          0          1          0
  1745:          0          0          0          1          0
  1750:          0          0          1          0          0
  1755:          0          0          0          0          0
  1760:          1          0          0          0          0
  1765:          0          0          0          0          0
  1770:          0          0          0          0          0
  1775:          1          0          0          1          0
  1780:          0          0          0          0          1
  1785:          0          0          0          0          0
  1790:          0          0          0          0          0
  1795:          0          0          0          0          0
  1800:          0          2          0          0          0
  1805:          1          0          0          0          0
  1810:          1          0          0          0          0
  1815:          0          0          0          0          1
  1820:          0          0          1          0          0
  1825:          0          0          0          0          0
  1830:          0          1          0          0          1
  1835:          0          0          1          0          0
  1840:          0          0          0          0          0
  1845:          0          0          0          0          0
  1850:          0          0          0          0          0
  1855:          0          0          0          0          0
  1860:          1          0          0          1          0
  1865:          2          0          0          0          1
  1870:          0          0          0          0          0
  1875:          0          0          0          1          0
  1880:          0          0          0          0          0
  1885:          1          2          0          0          0
  1890:          0          0          0          0          0
  1895:          0          1          0          0          0
  1900:          1          0          0          0          0
  1905:          0          0          0          0          1
  1910:          0          0          0          0          0
  1915:          0          0          0          0          0
  1920:          1          0          0          1          0
  1925:          0          0          0          0          0
  1930:          0          1          0          0          0
  1935:          0          0          0          0          0
  1940:          0          0          0          0          0
  1945:          0          0          0          0          0
  1950:          0          0          0          0          0
  1955:          1          0          0          1          0
  1960:          1          0          0          0          0
  1965:          0          0          0          0          2
  1970:          0          0          0          1          0
  1975:          0          0          0          0          0
  1980:          0          0          1          0          0
  1985:          0          1          0          0          0
  1990:          0          0          0          0          0
  1995:          0          0          0          0          0
  2000:          0          1          2          1          2
  2005:          3          2          0          0          1
  2010:          0          1          0          0          1
  2015:          0          2          0          2          2
  2020:          4          2          0          0          1
  2025:          1          0          2          1          1
  2030:          2          2          0          0          0
  2035:          1          2          2          2          1
  2040:          1          1          2          2          0
  2045:          2          1          2
