     0:          0          0          0          0          0
     5:          0          0          0          0          0
    10:          0          0          1          1        840
    15:       6361       7087       5149       3011       1450
    20:        503        176         63         39         34
    25:         16         30         34         28         49
    30:         38         29         41         35         29
    35:         50         54         45         66         89
    40:        104        112        119        148        161
    45:        178        218        240        265        312
    50:        262        261        250        228        210
    55:        195        188        166        151        107
    60:         83         62         45         24         15
    65:         16          9         19          9          9
    70:         15         16         11         19         13
    75:          8          4          9         16         14
    80:         15          5         17          9         13
    85:         16         11         11         18         11
    90:         10         10         12         16         12
    95:         15         18         17         16         13
   100:         14         10         14         19         14
   105:         16         13         15         13         12
   110:          8         21         11         18         15
   115:         13         18         15         21         11
   120:         15         15         11         14         10
   125:         14         10         14         17         16
   130:         14         13         11         21         21
   135:         15         10         13         11          5
   140:         10         17         13         23         19
   145:         16         19          9         10          9
   150:         13         17         14          8         11
   155:         14         17         19         16         15
   160:         12         20         12         12         13
   165:         16         11         10         12          9
   170:         15         10         10         12         12
   175:         12         19         13         14         14
   180:         11         11         13         17         11
   185:         15         14         11         19          7
   190:         13         13          9         11          7
   195:         16          9         16         13         12
   200:         14         17         12         17         15
   205:         15         15          9         15         17
   210:         13         10         11         14         10
   215:         10          7         12         14         11
   220:         19         13         15         16         12
   225:          9         12         11          4          7
   230:         14          7          6         12         11
   235:         12         15          9         12         10
   240:          6          7         11         12          6
   245:         11          5         16          7          6
   250:         10          9          8          8         10
   255:          9          9          8          7          5
   260:         15         11         10         12         11
   265:          9          8          6          4         11
   270:          4         10          7          6          7
   275:          7          8         15          9          5
   280:          6          7          5          7          7
   285:          6         11         11          5          6
   290:         11          9          6          7          6
   295:          3          8          8          5         10
   300:          6         10         11          9         12
   305:         11          9          7         10          2
   310:         13         12         10         14         18
   315:         17         18         19         15         15
   320:         15         24         20         19         24
   325:         19         28         29         33         43
   330:         37         26         29         34         31
   335:         41         31         34         36         49
   340:         44         39         30         35         42
   345:         40         32         25         31         22
   350:         20         27         25         24         27
   355:         29         21         22         22         20
   360:         21         13         12         14         16
   365:         14         12         14         11         13
   370:          5         13          5          7          6
   375:          7         10          8          1          6
   380:          6          3          3          2          4
   385:          4          1          4          5          2
   390:          5          3          3          3          4
   395:          1          0          2          3          9
   400:          1          5          2          5          6
   405:          6          1          3          4          2
   410:          5          6          2          2          1
   415:          6          3          6          3          3
   420:          6          6          8          2          4
   425:          2          4          4          1          4
   430:          4          1          4          4          5
   435:          4          6          5          5          2
   440:          3          4          4          4          6
   445:          0          1          3          4          5
   450:          2          3          3          2          0
   455:          5          2          1          1          5
   460:          1          0          4          3          2
   465:          2          5          3          5          0
   470:          2          7          2          3          2
   475:          4          5          2          3          3
   480:          5          4          2          3          4
   485:          2          3          4          4          4
   490:          0          1          2          4          1
   495:          5          2          2          7          2
   500:          2          1          2          4          4
   505:          1          0          6          0          2
   510:          3          2          1          3          2
   515:          1          4          3          3          1
   520:          3          0          1          3          4
   525:          2          1          2          0          2
   530:          3          1          1          1          1
   535:          4          3          2          0          2
   540:          3          1          2          2          3
   545:          4          2          2          0          2
   550:          4          1          2          1          5
   555:          0          3          1          0          1
   560:          3          1          1          2          1
   565:          2          2          2          3          2
   570:          4          5          1          2          2
   575:          3          2          0          2          1
   580:          2          2          1          1          0
   585:          1          4          2          4          2
   590:          0          1          2          3          4
   595:          1          4          5          4          3
   600:          2          1          3          2          0
   605:          1          1          0          1          3
   610:          2          3          2          2          6
   615:          4          5          0          4          2
   620:          1          1          2          0          2
   625:          3          5          3          4          1
   630:          8          1          5          6          7
   635:          4          4          3          3          6
   640:          4          0          3          3          0
   645:          4          7          3          5          3
   650:          1          4          2          2          6
   655:          3          0          0          5          3
   660:          5          0          3          3          2
   665:          0          1          1          1          1
   670:          3          1          0          3          2
   675:          1          0          2          2          3
   680:          0          2          2          1          4
   685:          3          3          3          0          0
   690:          1          0          0          2          2
   695:          3          0          0          2          2
   700:          1          3          0          4          0
   705:          0          1          4          0          1
   710:          1          1          1          0          0
   715:          1          1          0          0          1
   720:          1          0          1          2          2
   725:          1          1          3          1          0
   730:          2          2          0          1          0
   735:          1          1          2          0          0
   740:          2          1          0          1          1
   745:          1          2          1          1          0
   750:          0          1          1          0          1
   755:          1          1          0          1          1
   760:          3          3          1          0          0
   765:          0          0          0          1          0
   770:          0          0          0          0          0
   775:          0          0          0          0          1
   780:          0          0          0          0          0
   785:          1          1          0          0          0
   790:          0          0          0          2          0
   795:          0          0          0          2          0
   800:          1          0          1          0          1
   805:          1          0          0          1          3
   810:          0          1          1          1          1
   815:          0          0          0          0          0
   820:          0          0          0          0          0
   825:          0          1          0          1          0
   830:          0          0          0          1          0
   835:          0          1          1          1          0
   840:          0          1          0          0          1
   845:          1          0          1          0          0
   850:          1          0          0          0          1
   855:          2          0          0          0          0
   860:          0          1          0          0          1
   865:          0          0          1          0          0
   870:          0          0          0          0          0
   875:          1          0          0          3          1
   880:          2          0          0          0          1
   885:          0          0          0          2          0
   890:          0          0          0          1          1
   895:          0          0          1          0          0
   900:          0          0          0          0          0
   905:          1          0          0          1          1
   910:          0          0          0          0          0
   915:          0          0          1          2          1
   920:          0          0          0          0          0
   925:          0          0          0          0          1
   930:          0          0          0          1          0
   935:          0          0          1          0          0
   940:          0          1          1          0          0
   945:          0          0          1          0          0
   950:          1          0          0          0          0
   955:          0          0          0          0          0
   960:          0          0          0          0          1
   965:          0          0          0          0          1
   970:          0          0          0          0          0
   975:          0          0          1          0          0
   980:          0          0          0          0          0
   985:          0          0          0          0          0
   990:          0          0          0          0          0
   995:          1          0          0          0          0
  1000:          0          0          0          0          0
  1005:          0          0          0          0          0
  1010:          0          1          1          0          0
  1015:          0          0          0          0          0
  1020:          0          1          0          0          0
  1025:          0          0          0          1          0
  1030:          1          0          1          0          0
  1035:          0          1          1          0          0
  1040:          1          0          0          0          0
  1045:          0          1          0          0          1
  1050:          0          0          0          0          0
  1055:          1          0          0          0          1
  1060:          0          0          0          0          0
  1065:          0          0          2          0          0
  1070:          1          0          0          0          0
  1075:          0          0          0          1          0
  1080:          0          1          0          0          0
  1085:          0          0          0          0          1
  1090:          0          0          0          0          0
  1095:          0          1          1          0          0
  1100:          0          0          0          0          0
  1105:          0          0          0          1          0
  1110:          0          0          0          0          0
  1115:          1          0          0          0          1
  1120:          0          0          0          0          0
  1125:          0          0          0          0          0
  1130:          0          1          0          0          0
  1135:          2          0          1          0          0
  1140:          0          0          0          0          0
  1145:          0          0          0          0          0
  1150:          1          1          0          0          0
  1155:          0          0          0          0          0
  1160:          0          0          0          0          0
  1165:          0          0          0          0          1
  1170:          0          0          0          1          1
  1175:          0          0          0          0          1
  1180:          0          0          0          0          0
  1185:          0          1          0          0          0
  1190:          0          0          0          0          0
  1195:          1          1          0          0          0
  1200:          0          0          0          0          0
  1205:          0          0          0          0          0
  1210:          0          0          0          0          0
  1215:          0          0          0          0          0
  1220:          0          0          0          0          0
  1225:          0          0          0          0          0
  1230:          0          0          0          0          0
  1235:          0          0          0          0          0
  1240:          0          0          0          0          0
  1245:          0          0          0          0          0
  1250:          0          0          0          0          0
  1255:          0          0          1          0          1
  1260:          0          1          0          1          1
  1265:          0          0          0          0          0
  1270:          0          0          0          0          1
  1275:          0          0          0          0          0
  1280:          0          1          0          1          1
  1285:          0          0          0          0          0
  1290:          0          0          0          0          1
  1295:          0          0          0          0          0
  1300:          0          0          0          0          0
  1305:          0          0          0          0          0
  1310:          0          0          0          0          0
  1315:          0          0          0          0          0
  1320:          0          0          0          1          0
  1325:          0          0          0          0          0
  1330:          0          0          0          0          0
  1335:          0          0          0          0          0
  1340:          0          0          0          0          0
  1345:          0          0          0          0          0
  1350:          0          0          1          0          1
  1355:          0          0          0          0          0
  1360:          0          0          0          0          0
  1365:          0          0          0          0          0
  1370:          0          0          0          1          0
  1375:          0          0          0          0          0
  1380:          0          0          0          0          0
  1385:          0          0          0          0          0
  1390:          0          0          0          0          0
  1395:          0          0          0          0          0
  1400:          0          0          0          0          0
  1405:          0          0          0          0          0
  1410:          0          0          0          0          1
  1415:          0          0          0          0          0
  1420:          0          0          0          0          0
  1425:          0          0          0          0          0
  1430:          0          0          0          0          0
  1435:          0          0          0          0          0
  1440:          0          1          0          0          0
  1445:          0          0          0          0          0
  1450:          0          0          0          0          0
  1455:          0          0          0          0          1
  1460:          0          0          0          0          0
  1465:          0          0          0          0          0
  1470:          0          0          0          0          0
  1475:          0          0          0          0          0
  1480:          0          0          0          0          0
  1485:          0          0          0          0          0
  1490:          0          0          0          0          0
  1495:          0          0          0          0          0
  1500:          0          0          0          0          0
  1505:          0          0          0          0          0
  1510:          0          0          0          0          0
  1515:          0          0          0          0          0
  1520:          0          0          0          0          0
  1525:          0          0          0          0          0
  1530:          0          0          0          0          0
  1535:          0          0          0          0          0
  1540:          0          0          0          0          0
  1545:          0          0          0          0          0
  1550:          0          0          0          0          1
  1555:          0          1          0          0          0
  1560:          0          0          1          0          0
  1565:          0          0          0          0          0
  1570:          0          0          0          0          0
  1575:          0          0          0          0          0
  1580:          0          0          0          0          0
  1585:          0          0          0          0          0
  1590:          0          0          0          0          0
  1595:          0          0          0          0          0
  1600:          0          0          0          0          0
  1605:          0          0          0          0          0
  1610:          0          0          0          0          0
  1615:          0          0          0          0          0
  1620:          0          0          0          0          0
  1625:          0          0          0          0          0
  1630:          0          0          0          0          0
  1635:          0          0          0          0          0
  1640:          0          0          0          0          0
  1645:          0          0          0          0          0
  1650:          0          0          0          0          0
  1655:          0          0          0          0          0
  1660:          0          0          0          0          0
  1665:          0          0          0          0          0
  1670:          0          0          0          0          0
  1675:          0          0          0          0          0
  1680:          0          0          0          0          0
  1685:          0          0          0          0          0
  1690:          0          0          0          0          0
  1695:          0          0          0          0          0
  1700:          1          0          0          0          0
  1705:          0          0          0          0          0
  1710:          0          0          0          0          0
  1715:          0          0          0          0          0
  1720:          0          0          0          0          0
  1725:          0          0          0          0          0
  1730:          0          0          0          0          0
  1735:          0          0          0          0          0
  1740:          0          0          0          0          0
  1745:          0          0          0          0          0
  1750:          0          0          0          0          0
  1755:          0          0          0          0          0
  1760:          0          0          0          0          0
  1765:          0          0          0          0          0
  1770:          0          0          0          0          1
  1775:          0          0          0          0          0
  1780:          0          1          0          0          0
  1785:          0          0          0          0          0
  1790:          0          0          0          0          0
  1795:          0          0          0          0          0
  1800:          0          0          0          0          0
  1805:          0          0          0          0          0
  1810:          0          0          0          0          0
  1815:          0          0          0          0          0
  1820:          0          0          0          0          0
  1825:          0          0          0          0          0
  1830:          0          0          0          0          0
  1835:          0          0          0          0          0
  1840:          0          0          0          0          0
  1845:          0          0          0          0          0
  1850:          0          0          0          0          0
  1855:          0          0          0          0          0
  1860:          0          0          0          0          0
  1865:          0          0          0          0          0
  1870:          0          0          0          0          0
  1875:          0          0          0          0          0
  1880:          0          0          0          0          0
  1885:          0          0          0          0          0
  1890:          0          0          0          0          0
  1895:          0          0          0          0          0
  1900:          0          0          0          0          0
  1905:          0          0          0          0          0
  1910:          0          0          0          0          0
  1915:          0          0          0          0          0
  1920:          0          0          0          0          0
  1925:          0          0          0          0          0
  1930:          0          0          0          0          0
  1935:          0          0          0          0          0
  1940:          0          0          0          0          0
  1945:          0          0          0          0          0
  1950:          0          0          0          0          0
  1955:          0          0          0          0          0
  1960:          0          0          0          0          0
  1965:          0          0          0          0          0
  1970:          0          0          0          0          0
  1975:          0          0          0          0          0
  1980:          0          0          0          0          0
  1985:          0          0          0          0          0
  1990:          0          0          0          0          0
  1995:          0          0          0          0          0
  2000:          0          0          0          0          1
  2005:          0          0          0          0          0
  2010:          0          0          0          0          0
  2015:          0          0          0          0          0
  2020:          0          0          0          0          0
  2025:          1          0          0          0          0
  2030:          0          0          0          0          0
  2035:          0          0          1          0          0
  2040:          0          0          0          1          1