     0:          0          0          0          0          0
     5:          0          0          0          0          0
    10:          0          0          0          0         17
    15:        174        344        389        400        359
    20:        272        239        232        273        283
    25:        322        302        326        306        286
    30:        223        245        227        229        246
    35:        310        393        626        819       1146
    40:       1338       1682       2024       2105       2160
    45:       2176       2162       2046       2140       1975
    50:       1832       1626       1421       1261       1261
    55:       1255       1290       1489       1723       2043
    60:       2370       2965       3527       4207       4840
    65:       5277       5712       5890       5942       6087
    70:       5808       5663       5205       4944       4725
    75:       4310       3773       3360       2807       2270
    80:       1839       1359       1078        770        549
    85:        423        277        266        198        128
    90:         89         75         53         46         29
    95:         24         26         30         24         31
   100:         22         24         23         17         23
   105:         30         23         27         32         28
   110:         30         31         26         22         19
   115:         12         23         25         20         20
   120:         16         21         20         21         18
   125:         17         22         21         15         18
   130:         22         25         25         10         22
   135:         15         15         14         24         21
   140:         18         10         16         16         19
   145:         19         14         12         12         10
   150:         10          7          6         18          7
   155:          8         11         16          9          9
   160:          8         12         16         14         10
   165:         11         11          6         12          7
   170:         10          5         12         10         10
   175:         15         17          4          5          7
   180:         10         12          7         10         12
   185:         13          8          5         11          6
   190:          9          6          8          8          8
   195:          9          9          9          6         11
   200:         10         13         11         14         16
   205:          5         12          5          7         13
   210:          7          8         11          6          4
   215:          7          9         11          7          8
   220:         11          8         10          8          5
   225:          8         14          9          8          9
   230:         10         11          8          8          4
   235:         10          4         12          6          7
   240:          6          7          9          4          5
   245:         10          6          4         11          6
   250:          6          6          6          6          8
   255:         10          5          5          5          5
   260:          8          3         10          9          6
   265:          7          7          8          5          9
   270:          4          9          1          7          5
   275:          7         12          2          4          7
   280:          3          8          6          6         10
   285:          7          5          7          3          5
   290:          5          7          4         10          7
   295:          6          3         12          5          1
   300:         10          7          8          8         10
   305:          5          3          7         10         14
   310:          9          8          5          9          4
   315:          5         10         17         16         13
   320:         12         14         16         14         10
   325:         17         17         17         15         33
   330:         21         16         24         28         20
   335:         34         31         25         24         30
   340:         21         25         29         26         29
   345:         20         24         26         23         22
   350:         23         18         21         20         23
   355:         13         16         13         15         17
   360:         18         16         11         10          8
   365:         13          6         12          6          9
   370:         10         15          3          6          4
   375:          6          5          3          7          6
   380:          5          1          5          8          3
   385:          3          3          3          2          5
   390:          2          4          4          2         10
   395:          6          4          0          3          2
   400:          3          3          3          8          2
   405:          3          3          2          1          1
   410:          2          4          3          3          2
   415:          2          4          2          1          3
   420:          6          1          0          0          3
   425:          3          2          1          5          5
   430:          8          5          2          3          3
   435:          6          3          3          4          2
   440:          2          3          1          5          4
   445:          5          3          2          1          1
   450:          4          0          4          5          3
   455:          1          1          3          6          1
   460:          1          1          2          1          2
   465:          1          0          1          4          2
   470:          1          3          2          4          1
   475:          2          3          1          2          4
   480:          1          2          2          1          5
   485:          3          3          1          3          1
   490:          0          1          2          1          1
   495:          1          4          4          2          3
   500:          6          3          1          3          5
   505:          3          1          4          1          1
   510:          2          4          1          4          2
   515:          3          3          2          1          2
   520:          0          2          2          2          4
   525:          2          1          1          4          0
   530:          1          2          3          1          2
   535:          1          2          3          0          1
   540:          3          3          0          0          0
   545:          1          1          4          2          1
   550:          2          1          3          4          3
   555:          3          2          3          3          4
   560:          0          2          1          2          2
   565:          0          1          0          2          0
   570:          2          2          2          0          0
   575:          2          1          1          1          1
   580:          0          3          1          4          1
   585:          2          4          1          1          2
   590:          0          3          3          0          0
   595:          3          0          2          2          4
   600:          0          2          2          0          0
   605:          1          0          2          2          3
   610:          1          1          2          4          2
   615:          4          1          2          2          3
   620:          0          1          1          4          0
   625:          2          2          2          2          2
   630:          4          2          1          3          2
   635:          1          3          3          2          5
   640:          4          1          0          3          2
   645:          3          5          3          3          2
   650:          3          3          2          2          3
   655:          2          5          4          0          3
   660:          1          1          1          0          2
   665:          0          1          3          1          2
   670:          2          2          1          0          3
   675:          0          0          2          1          2
   680:          0          1          0          0          1
   685:          3          2          0          4          0
   690:          1          2          1          2          1
   695:          0          2          2          2          0
   700:          2          1          1          1          3
   705:          0          3          1          1          2
   710:          1          2          0          0          1
   715:          2          2          2          0          2
   720:          0          1          0          1          0
   725:          1          3          4          0          0
   730:          3          1          0          1          2
   735:          1          1          1          3          0
   740:          1          2          1          0          1
   745:          0          1          0          0          2
   750:          0          2          1          1          0
   755:          0          0          0          0          1
   760:          1          0          1          0          0
   765:          0          3          1          2          0
   770:          0          0          1          0          1
   775:          1          2          0          1          1
   780:          0          0          0          0          0
   785:          0          1          0          1          0
   790:          1          0          0          0          0
   795:          0          0          1          0          0
   800:          0          0          0          0          0
   805:          0          0          0          0          1
   810:          0          0          0          1          0
   815:          2          1          0          0          0
   820:          0          0          0          0          1
   825:          0          1          0          1          0
   830:          0          0          0          0          0
   835:          0          1          0          0          0
   840:          0          0          0          0          1
   845:          0          0          1          0          0
   850:          0          0          1          2          0
   855:          0          0          0          2          0
   860:          0          0          0          0          0
   865:          0          0          0          0          1
   870:          1          0          0          0          0
   875:          1          0          1          0          0
   880:          1          0          0          0          0
   885:          0          0          0          1          0
   890:          0          0          0          0          2
   895:          0          0          0          0          0
   900:          1          0          1          0          0
   905:          0          0          0          0          1
   910:          0          0          0          0          0
   915:          0          1          1          0          0
   920:          0          1          0          0          0
   925:          0          0          0          1          0
   930:          0          0          1          0          0
   935:          0          0          0          0          0
   940:          0          0          0          0          0
   945:          0          0          0          0          0
   950:          0          0          0          0          0
   955:          0          0          0          0          0
   960:          0          0          0          0          0
   965:          0          0          0          0          0
   970:          0          0          0          0          0
   975:          0          0          0          0          1
   980:          0          0          0          0          1
   985:          0          0          0          1          0
   990:          0          0          0          0          0
   995:          0          0          0          0          0
  1000:          0          0          0          0          2
  1005:          0          0          0          0          0
  1010:          0          0          0          0          1
  1015:          0          0          0          0          0
  1020:          1          0          1          0          0
  1025:          0          0          0          0          0
  1030:          0          0          0          0          1
  1035:          0          1          0          0          0
  1040:          1          0          0          0          0
  1045:          0          0          0          1          0
  1050:          0          0          0          0          1
  1055:          0          0          0          0          0
  1060:          0          0          0          0          0
  1065:          0          0          0          0          0
  1070:          0          0          0          0          1
  1075:          1          0          0          0          0
  1080:          0          0          0          0          0
  1085:          0          0          0          1          0
  1090:          0          0          0          0          0
  1095:          0          0          0          2          0
  1100:          0          0          0          0          0
  1105:          0          0          0          0          0
  1110:          0          1          1          0          0
  1115:          0          0          0          0          0
  1120:          0          1          0          0          0
  1125:          0          0          0          1          0
  1130:          0          0          0          2          1
  1135:          0          0          1          0          0
  1140:          0          0          0          0          0
  1145:          0          0          0          0          0
  1150:          0          0          0          0          0
  1155:          0          0          0          0          0
  1160:          0          1          0          0          0
  1165:          0          0          1          0          0
  1170:          0          0          1          0          0
  1175:          0          0          0          0          0
  1180:          0          0          0          0          0
  1185:          0          0          0          0          0
  1190:          0          0          0          0          0
  1195:          0          0          0          0          0
  1200:          0          0          1          0          0
  1205:          0          0          0          0          0
  1210:          1          0          0          1          0
  1215:          0          0          0          0          0
  1220:          0          0          0          0          0
  1225:          0          0          0          1          0
  1230:          0          0          0          0          0
  1235:          0          0          0          0          0
  1240:          0          0          0          0          0
  1245:          0          0          0          0          0
  1250:          1          1          0          0          0
  1255:          1          0          0          2          0
  1260:          0          0          0          0          0
  1265:          0          0          0          0          0
  1270:          0          1          0          0          0
  1275:          0          0          0          0          0
  1280:          0          0          0          0          0
  1285:          0          0          0          0          1
  1290:          0          0          1          0          0
  1295:          0          0          0          0          0
  1300:          0          2          0          0          0
  1305:          0          0          0          0          0
  1310:          0          0          0          0          0
  1315:          0          0          0          0          0
  1320:          0          0          0          0          0
  1325:          0          0          0          0          0
  1330:          0          0          1          1          0
  1335:          0          1          0          0          0
  1340:          1          0          0          0          0
  1345:          0          0          0          0          0
  1350:          0          0          0          0          0
  1355:          0          0          0          0          0
  1360:          0          0          0          0          0
  1365:          0          0          0          0          0
  1370:          0          0          0          0          0
  1375:          0          0          0          0          0
  1380:          0          0          0          0          0
  1385:          0          0          0          0          0
  1390:          0          0          0          0          0
  1395:          0          0          0          0          0
  1400:          0          0          0          0          0
  1405:          0          0          0          1          0
  1410:          0          0          0          0          0
  1415:          0          0          0          0          0
  1420:          0          0          0          0          0
  1425:          0          0          0          0          0
  1430:          0          0          0          0          0
  1435:          0          0          0          0          0
  1440:          0          0          0          0          0
  1445:          0          0          0          0          0
  1450:          0          0          0          0          0
  1455:          0          0          0          0          0
  1460:          0          0          0          0          0
  1465:          0          0          0          0          0
  1470:          0          0          0          0          0
  1475:          0          0          0          0          0
  1480:          0          0          0          0          0
  1485:          0          0          0          1          0
  1490:          0          0          0          0          0
  1495:          0          0          0          0          0
  1500:          0          0          0          0          0
  1505:          0          0          0          0          0
  1510:          0          0          0          0          0
  1515:          0          0          0          0          0
  1520:          0          0          0          0          0
  1525:          0          0          0          0          0
  1530:          0          0          0          0          0
  1535:          0          0          0          0          0
  1540:          0          0          0          0          0
  1545:          0          0          0          0          0
  1550:          0          0          0          0          0
  1555:          1          0          0          0          0
  1560:          0          0          0          0          0
  1565:          0          0          0          0          0
  1570:          0          0          0          0          0
  1575:          0          0          0          0          0
  1580:          0          0          0          0          0
  1585:          0          0          0          0          0
  1590:          0          0          0          0          0
  1595:          0          0          0          0          0
  1600:          0          0          0          0          0
  1605:          0          0          0          0          0
  1610:          0          0          0          0          0
  1615:          0          0          0          0          0
  1620:          0          0          0          0          0
  1625:          0          0          0          0          0
  1630:          0          0          0          0          0
  1635:          0          0          0          0          0
  1640:          0          0          0          0          0
  1645:          0          0          0          0          0
  1650:          0          0          0          0          0
  1655:          0          0          0          0          0
  1660:          0          0          0          0          0
  1665:          0          0          0          0          0
  1670:          0          0          0          0          0
  1675:          0          0          0          0          0
  1680:          0          0          0          0          0
  1685:          0          0          0          0          0
  1690:          0          0          0          0          0
  1695:          0          0          0          0          0
  1700:          0          0          0          0          0
  1705:          0          0          0          0          0
  1710:          0          0          0          0          0
  1715:          0          0          0          0          0
  1720:          0          0          0          0          0
  1725:          0          0          0          0          0
  1730:          0          0          0          0          0
  1735:          0          0          0          0          0
  1740:          0          0          0          0          0
  1745:          0          0          0          0          0
  1750:          0          0          0          0          0
  1755:          0          0          0          0          0
  1760:          0          0          0          0          0
  1765:          0          0          0          0          0
  1770:          0          0          0          0          0
  1775:          0          0          0          0          0
  1780:          0          0          0          0          0
  1785:          0          0          0          0          0
  1790:          0          0          0          0          0
  1795:          0          0          0          0          0
  1800:          0          0          0          0          0
  1805:          0          0          0          0          0
  1810:          0          0          0          0          0
  1815:          0          0          0          0          0
  1820:          0          0          0          0          0
  1825:          0          0          0          0          0
  1830:          0          0          0          0          0
  1835:          0          0          0          0          0
  1840:          0          0          0          0          0
  1845:          0          0          0          0          0
  1850:          0          0          0          0          0
  1855:          0          0          0          0          0
  1860:          0          0          0          0          0
  1865:          0          0          0          0          0
  1870:          0          0          0          0          0
  1875:          0          0          0          0          0
  1880:          0          0          0          0          0
  1885:          0          0          0          0          0
  1890:          0          0          0          0          0
  1895:          0          0          0          0          0
  1900:          0          0          0          0          0
  1905:          0          0          0          0          0
  1910:          0          0          0          0          0
  1915:          0          0          0          0          0
  1920:          0          0          0          0          0
  1925:          0          0          0          0          0
  1930:          0          0          0          0          0
  1935:          0          0          0          0          0
  1940:          0          0          0          0          0
  1945:          0          0          0          0          0
  1950:          0          0          0          0          0
  1955:          0          0          0          0          0
  1960:          0          0          0          0          0
  1965:          0          0          0          0          0
  1970:          0          0          0          0          0
  1975:          0          0          0          0          0
  1980:          0          0          0          0          0
  1985:          0          0          0          0          0
  1990:          0          0          0          0          0
  1995:          0          0          0          0          0
  2000:          0          0          1          0          0
  2005:          0          0          0          0          1
  2010:          0          0          0          0          0
  2015:          0          0          0          0          0
  2020:          1          0          0          0          0
  2025:          0          0          0          0          0
  2030:          0          1          0          0          0
  2035:          0          0          0          0          0
  2040:          0          0          0          0          0