ACQUISITION INFORMATION

Detector ID:  1
Detector description:
CNS-B-PMAD13521 926
Sample description:

Real Time:  230.099995
Live Time:  202.479995
Acquisition start date:  02Mar2023
Acquisition start time:  16:16:31
Starting channel number:   0
Number of channels:   2048


CALIBRATION INFORMATION

ENERGY CALIBRATION
Units:
Energy Fit:  0.000000E+000  9.631732E-001  0.000000E+000
FWHM Fit:  9.780733E-001  0.000000E+000  0.000000E+000
Efficiency Terms:  0.000000  0.000000  0.000000  0.000000  0.000000
  0.000000  0.000000  0.000000  0.000000  0.000000


SPECTRUM
     0:          0          0          0          0          0
     5:          0          0          0          0          0
    10:          0          0          0          7        112
    15:        521        656        667        648        667
    20:        657        695        716        759        808
    25:        859        935       1067       1129       1358
    30:       1636       1901       2247       2618       3047
    35:       3541       3823       4158       4614       4399
    40:       4437       4326       4151       3940       3691
    45:       3371       3125       2706       2479       2123
    50:       1894       1665       1398       1282       1155
    55:       1055        965        997        890        849
    60:        863        815        866        824        820
    65:        816        850        837        792        810
    70:        928        921        912       1039       1054
    75:       1207       1252       1320       1361       1486
    80:       1489       1560       1625       1751       1759
    85:       1856       1829       1886       1896       1886
    90:       1821       1855       1891       1834       1718
    95:       1894       1796       1750       1656       1600
   100:       1539       1381       1420       1420       1232
   105:       1234       1093       1102       1060        988
   110:       1007        884        873        868        815
   115:        794        796        774        750        709
   120:        712        663        692        712        682
   125:        639        644        637        631        634
   130:        639        587        626        620        622
   135:        621        687        642        627        617
   140:        611        661        650        660        632
   145:        575        615        628        658        662
   150:        633        622        627        652        681
   155:        607        651        640        653        633
   160:        654        638        649        665        659
   165:        620        597        650        689        622
   170:        655        661        610        666        653
   175:        650        696        666        695        667
   180:        700        635        715        713        695
   185:        675        688        709        785        730
   190:        687        765        741        775        695
   195:        780        820        790        789        812
   200:        788        796        828        847        805
   205:        818        799        838        815        840
   210:        877        890        919        889        891
   215:        964        935        901        905        915
   220:        910        891        952        933        982
   225:        965       1014        953        974       1049
   230:        979        997       1088       1016        984
   235:       1015       1021        979       1001        982
   240:       1023       1033       1021       1007        954
   245:       1003       1063        974        985       1062
   250:       1056       1047        995       1027       1028
   255:       1036       1041       1006       1081       1073
   260:       1094       1043       1023       1007       1035
   265:       1021        999       1041        985       1014
   270:        970       1002       1035       1037       1046
   275:        993       1027        990       1010        904
   280:        997       1035       1005        973        952
   285:        973        944        962        978        955
   290:        982        982        949        937        973
   295:        969        946        916        931        949
   300:        949        910        956        916        890
   305:        901        910        925        913        918
   310:        997        920        922        899        891
   315:        915        889        878        920        850
   320:        844        917        905        831        925
   325:        864        838        834        851        858
   330:        842        813        838        890        839
   335:        798        784        858        808        816
   340:        792        788        842        789        826
   345:        795        751        811        811        801
   350:        780        813        765        768        797
   355:        823        847        787        807        789
   360:        761        752        717        769        730
   365:        805        719        778        746        758
   370:        739        742        752        752        723
   375:        750        762        697        738        762
   380:        736        708        730        765        806
   385:        754        753        732        701        681
   390:        719        738        720        696        759
   395:        684        696        764        744        744
   400:        700        728        693        713        694
   405:        721        724        655        733        715
   410:        650        679        715        669        704
   415:        668        709        649        717        704
   420:        681        724        664        644        679
   425:        635        660        654        721        650
   430:        698        670        693        690        631
   435:        647        658        665        694        615
   440:        657        708        627        654        651
   445:        649        623        626        603        605
   450:        625        599        669        583        615
   455:        647        624        622        631        548
   460:        594        555        587        566        515
   465:        549        581        550        567        529
   470:        574        546        523        503        551
   475:        507        501        485        491        452
   480:        476        487        436        435        446
   485:        455        437        476        411        434
   490:        450        400        401        420        391
   495:        412        386        346        366        416
   500:        361        355        348        330        305
   505:        336        341        317        356        345
   510:        305        297        311        304        301
   515:        270        285        276        293        291
   520:        253        232        276        265        272
   525:        233        246        241        259        232
   530:        209        229        200        212        224
   535:        207        212        208        182        206
   540:        214        204        209        198        194
   545:        167        181        181        195        188
   550:        186        181        201        178        148
   555:        182        143        166        172        174
   560:        181        174        169        183        177
   565:        168        167        187        200        196
   570:        176        166        172        191        184
   575:        204        171        183        185        180
   580:        194        213        195        219        205
   585:        218        218        194        210        222
   590:        229        240        240        265        229
   595:        267        250        293        277        278
   600:        296        307        323        296        337
   605:        343        354        359        364        400
   610:        405        463        450        467        479
   615:        518        516        544        541        550
   620:        581        627        606        706        669
   625:        670        777        777        822        802
   630:        885        850        893        978       1064
   635:       1085       1053       1121       1156       1136
   640:       1276       1331       1364       1349       1428
   645:       1481       1517       1597       1643       1686
   650:       1805       1805       1792       1999       1928
   655:       2033       2044       2137       2162       2275
   660:       2203       2295       2367       2401       2506
   665:       2485       2629       2650       2722       2619
   670:       2746       2783       2761       2848       2991
   675:       2940       2994       2985       3029       3132
   680:       3097       3030       3087       3112       3166
   685:       3216       3125       3134       3107       3186
   690:       3219       3191       2991       3132       3095
   695:       3075       3135       2937       2956       2942
   700:       2974       2918       2855       2985       2800
   705:       2871       2744       2677       2694       2579
   710:       2476       2513       2504       2454       2412
   715:       2352       2291       2270       2216       2120
   720:       2129       2064       2086       1948       1951
   725:       1882       1827       1797       1771       1677
   730:       1667       1634       1601       1546       1495
   735:       1353       1418       1482       1335       1245
   740:       1242       1240       1218       1069       1166
   745:       1064       1039       1038       1007        994
   750:        937        895        833        865        801
   755:        783        747        780        750        676
   760:        651        615        662        625        576
   765:        523        552        557        463        504
   770:        452        453        461        380        401
   775:        353        337        317        333        350
   780:        333        279        276        263        252
   785:        217        244        229        227        193
   790:        222        191        178        170        176
   795:        170        139        157        135        127
   800:        137        132        105        114         97
   805:        115         95         90         84         86
   810:         67         68         76         69         56
   815:         60         45         49         65         51
   820:         52         44         57         48         42
   825:         24         41         38         33         46
   830:         28         32         38         31         24
   835:         25         29         26         28         25
   840:         26         27         32         20         21
   845:         16         25         22         16         18
   850:         19         20         13         17         17
   855:         13         15         15         14         24
   860:         22         12         15         19         17
   865:          6         17         10         17         21
   870:          9         13          7         15          6
   875:         12         13         17         18         15
   880:         13         12         10         14         19
   885:          9         10         20         13          6
   890:         16         10          8         15         11
   895:          9         20          9         12          5
   900:         13          7          5          9         14
   905:         11         15          9          9         13
   910:          9          9         13          7         12
   915:          9         10          6         12          9
   920:          9         10          9          9         11
   925:         11         18          8         15         13
   930:         12         11         12          9         12
   935:          6          9         12          8         13
   940:         10         14         10          4          9
   945:          5         11          9          7          8
   950:         12          9         10         12         13
   955:         12         11          8          5         10
   960:         10         10          8         12         10
   965:         14          9         11          4          8
   970:         10          8         13          9          8
   975:         10          7         13          4          8
   980:          7         11         10          6          6
   985:         12          9         13          6          6
   990:          8         12         10          5         10
   995:         18          8          9          9          9
  1000:          8          6          7          6          7
  1005:          8          9          8         14          8
  1010:         12          9          8          3          7
  1015:          9          6         11          7          9
  1020:          7         11          9         11          4
  1025:         14          7          7         11          5
  1030:          5          8          8          7         11
  1035:         10         10          3          6         12
  1040:          8         10          4         10          6
  1045:          6         10          4          5          6
  1050:          6          5          2         13          6
  1055:          5          9         10          4          8
  1060:          1          7          7          4          8
  1065:          4          6          2          6          7
  1070:          8         10          8         11          5
  1075:          3          3          6          6          4
  1080:          8         12          5          8          6
  1085:          7          6          5          8          6
  1090:          5          5          8          8          7
  1095:          9          4         10          7          9
  1100:          8          3          4          2          8
  1105:         11         12          8          4         10
  1110:          8          8          8          3          9
  1115:          6          4          6          5          3
  1120:          2          4          6          7          6
  1125:          9          6          3          1          9
  1130:          2          6          4          2          4
  1135:          6         14          6          7         10
  1140:          8          3          4          8          1
  1145:          1          8          4          2         10
  1150:          2          5          5          7          4
  1155:          5          3          4          6          7
  1160:         10          4          6          8          9
  1165:          4          3          4          3          5
  1170:          7          9          7          5          8
  1175:          5          4          7          8          6
  1180:          3          6          9          2         10
  1185:          5          2          1          7          8
  1190:          4          5          8          2          6
  1195:          8          6          7          6          6
  1200:          7          5          5          7          3
  1205:          4          4          7          3          5
  1210:          6          7          3          4          5
  1215:          8          7          3          2          6
  1220:          3          3          3          5          3
  1225:          9          4          6          4          4
  1230:          6          8          3          3          2
  1235:          9          5          6          1          9
  1240:          8          4          3          6          7
  1245:          2          1          6          5          5
  1250:          6          6          5          5          7
  1255:          5          5         10          0          8
  1260:          2          6          7         10          1
  1265:          8          7          7          5          7
  1270:          4          5         12          3          5
  1275:          8          7          7          4          2
  1280:          1         12          5          9          8
  1285:          4          6          8          9          7
  1290:         11          3          4          5          7
  1295:          8          9          3         10          6
  1300:          5          8          4          8          8
  1305:          7          6          6          8          5
  1310:          5          8          8          9          5
  1315:          8          8          6          5          7
  1320:          8          5          2          3          5
  1325:          8          5          7          6          7
  1330:          7          3          6          5          5
  1335:          6          5          4          4          9
  1340:          6          7          6          5          8
  1345:          4          7          7          7          3
  1350:          6          7          7          5          2
  1355:          6          7          6          6          6
  1360:          6          4          4          7          8
  1365:          6          2          2          6          3
  1370:          1          6          3          3          2
  1375:          5          5          6          4          2
  1380:          6          5          2          8          4
  1385:          4          3          5          7          6
  1390:          2          3          3          6          3
  1395:          5          4          5          7          2
  1400:          1          3          1          1          2
  1405:          1          3          4          2          2
  1410:          2          4          2          1          5
  1415:          5          2          1          1          2
  1420:          1          4          3          3          2
  1425:          4          1          4          2          1
  1430:          3          3          4          2          0
  1435:          8          3          1          5          3
  1440:          2          6          1          1          8
  1445:          2          2          5          2          4
  1450:          2          3          2          1          3
  1455:          2          3          1          0          3
  1460:          6          0          0          4          3
  1465:          3          1          3          0          4
  1470:          1          3          2          2          3
  1475:          2          3          2          2          2
  1480:          3          2          2          2          0
  1485:          3          4          2          3          3
  1490:          0          0          2          0          3
  1495:          2          2          3          4          2
  1500:          2          5          0          1          2
  1505:          1          0          2          0          1
  1510:          6          0          2          0          3
  1515:          2          0          1          0          4
  1520:          3          1          2          1          2
  1525:          2          3          0          1          0
  1530:          3          1          1          5          2
  1535:          1          2          1          1          2
  1540:          1          3          0          1          0
  1545:          2          0          3          3          0
  1550:          1          2          2          0          4
  1555:          0          2          1          2          2
  1560:          0          0          2          2          3
  1565:          2          2          2          1          1
  1570:          0          0          0          0          2
  1575:          0          0          0          0          2
  1580:          3          0          2          1          1
  1585:          2          1          0          1          1
  1590:          1          1          3          1          1
  1595:          2          1          0          0          1
  1600:          0          0          1          1          0
  1605:          0          1          1          1          2
  1610:          0          1          0          1          0
  1615:          1          0          2          0          0
  1620:          2          5          1          1          1
  1625:          1          0          0          2          0
  1630:          1          0          0          0          1
  1635:          2          1          2          1          1
  1640:          0          2          1          1          0
  1645:          3          1          0          1          0
  1650:          0          0          1          0          1
  1655:          0          1          1          2          0
  1660:          0          2          2          1          1
  1665:          0          0          1          0          0
  1670:          0          4          0          1          1
  1675:          1          0          0          1          2
  1680:          0          1          0          0          2
  1685:          0          0          0          0          0
  1690:          1          0          0          0          0
  1695:          1          0          0          0          0
  1700:          1          0          0          1          0
  1705:          0          1          0          1          1
  1710:          1          1          0          0          1
  1715:          0          2          0          1          2
  1720:          1          1          1          0          2
  1725:          0          0          0          1          1
  1730:          0          0          1          0          0
  1735:          0          1          0          0          0
  1740:          0          0          0          1          1
  1745:          0          0          0          0          1
  1750:          0          0          1          1          0
  1755:          1          0          0          1          1
  1760:          0          0          0          2          1
  1765:          0          1          0          0          1
  1770:          0          1          2          0          1
  1775:          1          1          1          2          0
  1780:          0          0          1          1          0
  1785:          1          0          0          0          0
  1790:          0          0          0          0          1
  1795:          1          0          0          0          1
  1800:          0          1          0          1          2
  1805:          0          0          2          0          3
  1810:          0          0          1          0          0
  1815:          1          0          0          3          1
  1820:          1          0          0          0          2
  1825:          1          0          0          0          0
  1830:          1          2          0          0          1
  1835:          0          0          0          0          0
  1840:          1          0          1          2          0
  1845:          0          1          1          0          0
  1850:          0          1          0          0          0
  1855:          0          1          0          2          0
  1860:          1          0          0          1          0
  1865:          1          1          0          0          0
  1870:          0          0          0          1          0
  1875:          0          0          0          0          0
  1880:          1          1          0          0          0
  1885:          1          1          0          1          1
  1890:          0          0          0          3          2
  1895:          1          0          0          0          0
  1900:          1          0          0          0          0
  1905:          1          0          0          0          0
  1910:          1          0          0          0          2
  1915:          1          0          0          0          0
  1920:          0          0          0          2          0
  1925:          0          1          0          0          1
  1930:          0          0          1          0          0
  1935:          0          0          0          1          0
  1940:          0          0          0          0          0
  1945:          1          0          0          0          0
  1950:          0          0          0          1          0
  1955:          0          0          0          0          0
  1960:          0          1          0          0          0
  1965:          0          1          1          0          0
  1970:          0          0          1          0          0
  1975:          0          0          1          0          0
  1980:          0          0          2          0          0
  1985:          0          0          0          1          1
  1990:          0          0          0          1          1
  1995:          0          0          1          0          0
  2000:          0          5          6          8          5
  2005:          8          3          1          7          7
  2010:          7          2          2          2          5
  2015:          3          4          5          3          4
  2020:          2          3          1          3          3
  2025:          3          5          4          2          3
  2030:          6          7          4          3          5
  2035:          3          5          3          1          5
  2040:          3          5          3          5          4
  2045:          6          6          3
