     0:          0          0          0          0          0
     5:          0          0          0          0          0
    10:          0          0          0          5        126
    15:        624        696        681        681        720
    20:        695        653        741        693        723
    25:        619        719        726        782        798
    30:        804        802        850        892        849
    35:        899        867        921        870        837
    40:        935        936        853        875        824
    45:        868        892        861        859        877
    50:        893        946        837        863        888
    55:        875        916        868        916        891
    60:        916        954        865        949        916
    65:        862        931        879        829        960
    70:        946        980       1008       1102       1167
    75:       1301       1307       1420       1512       1565
    80:       1651       1748       1767       1908       1991
    85:       2009       2088       2081       2072       2102
    90:       2129       2072       2076       2098       2058
    95:       2028       2000       1848       1772       1726
   100:       1721       1620       1494       1489       1422
   105:       1361       1344       1276       1185       1059
   110:       1089       1041       1021        993        898
   115:        928        877        891        866        910
   120:        795        769        826        823        722
   125:        812        746        790        737        800
   130:        807        768        757        735        814
   135:        782        756        751        780        728
   140:        793        776        751        814        776
   145:        750        771        782        786        800
   150:        760        783        791        795        775
   155:        777        779        793        834        832
   160:        776        765        787        813        792
   165:        808        786        864        800        764
   170:        748        844        818        819        761
   175:        808        784        816        801        781
   180:        824        824        789        821        846
   185:        891        880        856        824        832
   190:        910        835        836        938        867
   195:        902        902        859        861        935
   200:        887        933        949        936        911
   205:        953        938        886        979       1027
   210:       1031       1026       1000       1022       1022
   215:       1072       1057       1094       1088       1074
   220:       1135       1111       1102       1143       1137
   225:       1157       1112       1127       1072       1202
   230:       1223       1167       1176       1191       1187
   235:       1152       1186       1190       1220       1272
   240:       1228       1246       1238       1279       1245
   245:       1353       1177       1295       1253       1263
   250:       1338       1231       1291       1324       1290
   255:       1290       1213       1296       1272       1320
   260:       1327       1341       1341       1279       1353
   265:       1285       1311       1401       1259       1328
   270:       1266       1293       1240       1300       1340
   275:       1297       1309       1245       1328       1264
   280:       1345       1298       1242       1294       1300
   285:       1279       1334       1326       1303       1236
   290:       1210       1235       1255       1268       1253
   295:       1306       1285       1267       1220       1267
   300:       1246       1251       1246       1239       1172
   305:       1231       1267       1218       1260       1204
   310:       1242       1257       1156       1196       1169
   315:       1160       1191       1218       1204       1166
   320:       1132       1174       1158       1129       1230
   325:       1146       1190       1225       1193       1151
   330:       1187       1078       1069       1150       1173
   335:       1067       1088       1144       1124       1084
   340:       1102       1087       1086       1059       1105
   345:       1094       1136       1063       1093       1079
   350:       1091       1041       1065       1041       1080
   355:       1023       1031       1058       1028       1019
   360:       1019       1052        958       1002        996
   365:        960       1006       1001       1005       1000
   370:        996       1004       1008        992        996
   375:        993        984        949        996        901
   380:        998        941        941       1003       1012
   385:        998        995        936        958        937
   390:        909        933        938        923        953
   395:        887        953        887        894        943
   400:        907        876        923        941        866
   405:        913        947        920        861        866
   410:        918        933        919        854        866
   415:        915        869        887        875        853
   420:        870        911        885        911        807
   425:        857        827        937        895        854
   430:        870        883        850        804        814
   435:        815        795        861        807        867
   440:        834        877        862        857        829
   445:        865        859        824        868        794
   450:        783        776        799        821        817
   455:        832        789        794        814        830
   460:        772        800        793        798        765
   465:        800        806        753        793        714
   470:        791        813        807        854        803
   475:        792        835        802        761        740
   480:        808        792        860        742        797
   485:        774        725        762        792        808
   490:        815        742        793        760        750
   495:        762        732        749        770        801
   500:        758        809        796        782        746
   505:        731        785        726        761        760
   510:        792        779        752        733        778
   515:        789        841        751        796        786
   520:        772        766        803        808        763
   525:        739        798        721        768        786
   530:        779        786        753        779        731
   535:        779        790        806        726        808
   540:        779        763        813        777        780
   545:        817        795        747        760        740
   550:        744        771        733        720        754
   555:        827        774        751        750        783
   560:        743        786        758        757        799
   565:        822        746        722        793        792
   570:        750        721        796        783        751
   575:        773        728        759        754        743
   580:        745        724        806        763        794
   585:        758        741        778        723        717
   590:        732        752        722        734        714
   595:        718        735        722        705        681
   600:        706        706        760        710        685
   605:        712        729        761        665        708
   610:        664        744        722        694        673
   615:        678        659        701        703        685
   620:        715        696        641        645        676
   625:        666        639        629        616        632
   630:        634        644        633        631        580
   635:        663        610        610        620        604
   640:        617        596        622        613        589
   645:        591        573        568        573        602
   650:        588        570        532        565        553
   655:        605        578        545        586        552
   660:        552        544        503        550        543
   665:        507        514        539        546        496
   670:        525        527        559        559        522
   675:        513        536        536        512        496
   680:        497        484        489        519        453
   685:        518        436        491        464        482
   690:        479        461        445        478        445
   695:        435        451        432        452        452
   700:        401        463        422        391        415
   705:        384        431        428        331        395
   710:        359        441        381        382        378
   715:        396        396        368        374        374
   720:        320        318        328        340        320
   725:        341        310        343        329        309
   730:        316        364        316        319        277
   735:        303        302        289        308        338
   740:        306        301        296        335        296
   745:        293        296        326        305        299
   750:        342        300        320        339        373
   755:        323        333        364        333        338
   760:        347        341        387        370        386
   765:        438        437        449        450        502
   770:        470        448        457        495        525
   775:        530        535        497        610        603
   780:        584        629        654        651        679
   785:        652        753        772        775        716
   790:        818        882        901        915        896
   795:        904        965       1016       1069       1098
   800:       1135       1190       1198       1195       1282
   805:       1245       1333       1361       1378       1389
   810:       1456       1582       1558       1602       1683
   815:       1669       1723       1800       1866       1816
   820:       1907       1974       2059       2070       2149
   825:       2181       2132       2176       2324       2249
   830:       2401       2443       2461       2478       2538
   835:       2518       2584       2562       2676       2746
   840:       2797       2776       3016       2894       2808
   845:       2892       2985       2935       3016       3041
   850:       2985       3126       3030       3178       3114
   855:       3144       3089       3281       3101       3221
   860:       3126       3219       3211       3162       3196
   865:       3224       3105       3198       3078       3153
   870:       3196       3038       3119       3090       3065
   875:       3051       2947       2976       2988       2890
   880:       2883       2799       2836       2652       2807
   885:       2646       2652       2592       2583       2493
   890:       2429       2405       2380       2359       2320
   895:       2264       2301       2115       2047       2101
   900:       2009       1977       1943       1886       1837
   905:       1755       1711       1660       1655       1605
   910:       1548       1538       1503       1378       1358
   915:       1350       1303       1278       1244       1170
   920:       1178       1161       1042       1036        999
   925:       1020        936        891        886        894
   930:        843        811        732        719        701
   935:        720        649        621        576        552
   940:        603        574        506        511        480
   945:        426        434        432        428        399
   950:        362        365        364        362        293
   955:        298        285        317        295        273
   960:        260        230        216        267        206
   965:        213        201        188        158        188
   970:        157        145        131        172        144
   975:        128        137        124        120        105
   980:        112        104        102         91         82
   985:         90         86         89         73         73
   990:         75         55         69         66         62
   995:         68         57         56         35         49
  1000:         56         57         40         39         47
  1005:         42         40         40         37         40
  1010:         29         49         51         24         26
  1015:         22         40         27         25         21
  1020:         33         27         26         25         21
  1025:         24         27         30         21         14
  1030:         16         16         21         25         17
  1035:         19         17         17         18         15
  1040:         15         20         18         27         26
  1045:         17         21         14         20         19
  1050:         22         18         14         11          8
  1055:         19         20         12         25         18
  1060:         15         30         16         15         13
  1065:         14         16         16         13         16
  1070:         20         11         19         16         21
  1075:         19         12          8         15         13
  1080:         15         11         10         12         11
  1085:         17         29         11         13         15
  1090:         17         16         12         14         15
  1095:         15         23         19         18         20
  1100:         17         13         16         19         17
  1105:         12         13         20         20         13
  1110:         25         16         10         17         16
  1115:         20         17         13         14         14
  1120:         18         17         13         11         16
  1125:         12         14         17         15         11
  1130:          9         18         14         15          8
  1135:         16         16         20         21         16
  1140:         12         19         16          7         18
  1145:         12          8         17          7         22
  1150:         17         14         16         16         20
  1155:         15         15         12         19         14
  1160:         14         12         13         17         15
  1165:         21          9         15         14          7
  1170:         12         12         12         16         21
  1175:         17         21         11         15         15
  1180:         11         13         11         13          8
  1185:         18         18         21         15         13
  1190:         12         12         24         16         14
  1195:         11         10         13         14         18
  1200:         19         17         12          9         18
  1205:         13         17         14         19         19
  1210:         20         11          8         21         11
  1215:         17         11         23         20         14
  1220:         11          8         18         11          9
  1225:         18         17         11         15          8
  1230:         15          8          8         19         14
  1235:         12         15         18         20         17
  1240:         23         12         18         17         16
  1245:         20         14         18         23         14
  1250:         10         19         16         13         24
  1255:         20         26         17         11         11
  1260:         26         25         14         25         15
  1265:         17         23         13         11         17
  1270:         20         16         23         19         16
  1275:         12         25         13         16         23
  1280:         24         20         12         20          9
  1285:         15         21         18         15         29
  1290:         24         23         14         22         25
  1295:         17         20         12         18         25
  1300:         21         21         22         22         18
  1305:         31         28         22         18         23
  1310:         23         17         20         15         17
  1315:         20         15         25         19         18
  1320:         23         22         14         18         17
  1325:         13         15         25         20         19
  1330:         15         15         24         12         22
  1335:         21         13         19         19         23
  1340:         17         12         16         13         13
  1345:         15         11         11         12         10
  1350:         19         16          7         14         13
  1355:         12         15         25         11         12
  1360:         20          9         18         12         11
  1365:         14         10         19          7         13
  1370:         14         10         12          8         12
  1375:         14         16         11          7          8
  1380:         14         12         14          8         12
  1385:         13         13          8         13         15
  1390:          9          9         12          7          9
  1395:         11         12          6         12         11
  1400:         11          5         10          7         14
  1405:          7          8          7         11          8
  1410:          7         11          8          7         15
  1415:          9          9          9         13          9
  1420:          7         12          6         14          5
  1425:          7         12          9         12          9
  1430:          6         10          2          5          8
  1435:         11          8         10          9         11
  1440:         10          7          9         10         10
  1445:          8          9          5         10          7
  1450:         10          7          8          6          9
  1455:          6         12          8         10          7
  1460:         10          3          6          9          6
  1465:         12          2         11          3          9
  1470:          4          8          9         10          7
  1475:          8          5          4          8         10
  1480:         10          2          3          6         17
  1485:          9         11          6          6         16
  1490:          8          8         11          5         10
  1495:          5          8         11          6         13
  1500:         11          8          7          7         13
  1505:          8          9         12         10         12
  1510:          5          8          9          7          7
  1515:          7          8          2          4          7
  1520:          5          9          2          7          5
  1525:          5         11         10          7          7
  1530:          5          8          9          8          9
  1535:          7          3          6          8          8
  1540:          7          4         10          7          6
  1545:          5          6          4          9          7
  1550:          5          7          3          5          4
  1555:          7          8          9          5          3
  1560:          6          3          4          2          2
  1565:          3          5          2          6          6
  1570:          1          5          4          2          5
  1575:          2          4          3          3          5
  1580:          3          2          3          5          5
  1585:          5          5          5          5          5
  1590:          5          5          1          4          5
  1595:          4          2          2          2          3
  1600:          2          7          0          1          8
  1605:          2          8          4          2          4
  1610:          7          1          5          4          2
  1615:          4          5          3          6          3
  1620:          0          3          3          2          3
  1625:          2          3          4          7          4
  1630:          2          1          3          3          4
  1635:          7          5          5          1          8
  1640:          4          2          3          3          0
  1645:          3          3          3          4          2
  1650:          1          1          1          7          5
  1655:          2          3          4          4          1
  1660:          4          5          3          1          4
  1665:          2          7          4          1          2
  1670:          3          1          2          3          3
  1675:          1          1          5          2          3
  1680:          2          6          5          2          3
  1685:          3          2          2          4          0
  1690:          7          2          1          7          2
  1695:          2          5          1          1          2
  1700:          1          4          3          3          4
  1705:          0          3          3          2          4
  1710:          3          3          3          2          4
  1715:          5          4          4          6          0
  1720:          4          3          3          5          1
  1725:          5          4          2          2          2
  1730:          4          3          2          2          2
  1735:          4          1          0          4          3
  1740:          2          1          4          2          5
  1745:          4          1          2          1          5
  1750:          5          2          1          5          2
  1755:          2          4          3          2          1
  1760:          2          1          2          3          1
  1765:          1          1          6          2          2
  1770:          5          6          4          3          3
  1775:          2          4          3          5          1
  1780:          5          3          5          1          3
  1785:          2          2          7          3          1
  1790:          0          2          3          4          1
  1795:          5          4          2          1          3
  1800:          3          2          4          0          6
  1805:          2          3          0          2          1
  1810:          0          1          3          3          3
  1815:          2          4          3          0          1
  1820:          2          2          3          2          7
  1825:          3          1          4          1          1
  1830:          0          5          3          2          1
  1835:          3          0          2          3          3
  1840:          3          4          3          3          3
  1845:          0          0          1          4          2
  1850:          2          4          1          3          1
  1855:          2          2          2          4          2
  1860:          3          4          2          0          6
  1865:          4          2          2          0          1
  1870:          2          2          1          4          3
  1875:          1          1          2          2          5
  1880:          6          0          4          2          2
  1885:          0          0          2          5          1
  1890:          1          2          4          1          2
  1895:          1          3          1          2          1
  1900:          1          3          2          3          1
  1905:          3          0          1          0          1
  1910:          2          3          1          3          0
  1915:          2          0          4          0          0
  1920:          2          1          2          1          1
  1925:          3          2          2          1          3
  1930:          1          2          2          0          1
  1935:          0          1          0          2          2
  1940:          0          0          1          0          1
  1945:          2          0          1          2          1
  1950:          2          1          1          1          0
  1955:          1          2          1          1          1
  1960:          2          2          0          1          0
  1965:          2          1          1          1          1
  1970:          2          3          1          0          2
  1975:          2          4          4          4          1
  1980:          4          2          2          3          2
  1985:          3          0          0          2          2
  1990:          1          0          1          0          1
  1995:          0          1          1          1          3
  2000:          0          1         19         18         18
  2005:         11         23         19         16         24
  2010:         16         16         17         17          9
  2015:         17         17         16         13         19
  2020:         15          8         15         14         15
  2025:         15         15         17         18         15
  2030:         18         19         18         15         16
  2035:         12         25         17         24         16
  2040:          8         15         13         19         15