     0:          0          0          0          0          0
     5:          0          0          0          0          0
    10:          0          0          1         10        220
    15:        783        958        923        906        914
    20:        931       1002       1020        993        976
    25:        979       1016       1046       1047       1056
    30:       1056       1149       1112       1152       1134
    35:       1169       1148       1149       1111       1069
    40:       1095       1128       1098       1177       1099
    45:       1175       1162       1142       1199       1229
    50:       1251       1166       1206       1179       1284
    55:       1350       1258       1216       1194       1183
    60:       1178       1241       1166       1323       1211
    65:       1246       1207       1256       1277       1422
    70:       1403       1481       1530       1573       1665
    75:       1787       1893       2009       2109       2177
    80:       2288       2338       2512       2576       2696
    85:       2640       2749       2835       2866       2874
    90:       2825       2829       2749       2835       2642
    95:       2657       2481       2637       2454       2416
   100:       2286       2175       2096       1938       1861
   105:       1767       1781       1592       1563       1499
   110:       1478       1392       1315       1309       1290
   115:       1197       1208       1132       1132       1139
   120:       1074       1055       1063        991        983
   125:        981        987       1071        997       1032
   130:        968       1019        890        980        976
   135:        959        963       1010        971       1016
   140:        999        989       1023        945       1009
   145:       1003        978        949        989        981
   150:       1013        988        956        950        971
   155:       1004        993        971        961       1061
   160:       1027       1006        976       1051       1004
   165:       1020       1033       1047       1030       1050
   170:       1013       1046       1114       1073       1073
   175:       1165       1088       1065       1129       1140
   180:       1109       1122       1119       1132       1130
   185:       1162       1168       1201       1168       1166
   190:       1216       1183       1189       1260       1263
   195:       1236       1204       1277       1227       1269
   200:       1284       1325       1283       1311       1317
   205:       1390       1357       1336       1301       1432
   210:       1305       1317       1373       1403       1359
   215:       1423       1375       1385       1432       1413
   220:       1399       1473       1468       1451       1405
   225:       1493       1457       1416       1490       1443
   230:       1509       1548       1505       1560       1467
   235:       1505       1525       1513       1570       1546
   240:       1484       1578       1542       1470       1562
   245:       1536       1492       1498       1539       1525
   250:       1497       1514       1533       1588       1497
   255:       1502       1475       1510       1466       1446
   260:       1566       1544       1486       1477       1511
   265:       1488       1497       1509       1483       1390
   270:       1499       1555       1508       1462       1572
   275:       1439       1462       1432       1541       1442
   280:       1539       1467       1488       1484       1489
   285:       1416       1455       1524       1436       1438
   290:       1527       1526       1534       1513       1488
   295:       1465       1398       1424       1474       1456
   300:       1410       1462       1442       1421       1447
   305:       1425       1382       1352       1354       1416
   310:       1436       1445       1423       1360       1405
   315:       1422       1363       1408       1355       1358
   320:       1371       1399       1341       1355       1273
   325:       1327       1312       1315       1273       1362
   330:       1268       1280       1307       1293       1250
   335:       1295       1230       1199       1186       1178
   340:       1186       1210       1176       1197       1233
   345:       1125       1139       1151       1145       1064
   350:       1138       1128       1089       1107       1006
   355:       1115       1032        992        951       1036
   360:       1038        980        965        947        894
   365:        899        906        969        873        861
   370:        868        801        802        802        837
   375:        818        815        776        763        766
   380:        729        760        760        728        786
   385:        710        742        699        734        722
   390:        686        693        646        652        648
   395:        669        650        630        634        615
   400:        607        590        595        591        571
   405:        577        594        545        594        549
   410:        528        540        547        591        491
   415:        536        541        524        501        523
   420:        537        541        554        500        527
   425:        540        559        508        518        471
   430:        534        532        508        561        546
   435:        550        529        545        565        525
   440:        505        562        522        574        544
   445:        552        561        554        534        554
   450:        546        591        593        603        627
   455:        628        617        595        627        621
   460:        690        651        694        703        702
   465:        776        767        803        794        843
   470:        872        860        848        952        909
   475:        966       1047       1113       1121       1099
   480:       1138       1222       1226       1298       1300
   485:       1391       1463       1446       1545       1575
   490:       1642       1751       1779       1831       1927
   495:       1910       1977       2137       2275       2296
   500:       2425       2431       2487       2710       2697
   505:       2855       2956       3050       3172       3244
   510:       3349       3550       3472       3576       3836
   515:       3794       4022       4001       4206       4250
   520:       4465       4524       4602       4643       4768
   525:       4963       4925       5041       5171       5163
   530:       5223       5399       5327       5578       5510
   535:       5697       5657       5598       5645       5637
   540:       5529       5555       5870       5610       5627
   545:       5647       5587       5621       5614       5554
   550:       5420       5372       5367       5443       5192
   555:       5220       5150       5091       4923       4871
   560:       4770       4587       4531       4338       4403
   565:       4347       4237       4069       3964       3799
   570:       3645       3654       3356       3342       3317
   575:       3247       3072       2938       2840       2682
   580:       2700       2498       2446       2398       2305
   585:       2183       2018       1907       1832       1821
   590:       1668       1596       1602       1512       1405
   595:       1358       1327       1215       1240       1095
   600:       1087       1039       1008       1056        922
   605:        839        829        857        745        710
   610:        655        660        592        663        649
   615:        622        554        563        535        510
   620:        510        515        487        435        412
   625:        449        429        419        430        406
   630:        388        360        386        354        347
   635:        352        334        364        377        321
   640:        341        319        305        319        297
   645:        344        325        288        319        336
   650:        290        282        282        280        290
   655:        305        276        284        256        300
   660:        292        274        291        316        269
   665:        289        301        293        305        228
   670:        314        306        288        270        270
   675:        294        293        296        308        253
   680:        273        274        298        301        280
   685:        291        288        281        291        297
   690:        264        283        296        281        275
   695:        272        290        301        272        286
   700:        275        264        261        308        297
   705:        285        274        281        288        278
   710:        253        282        286        257        266
   715:        299        288        253        286        283
   720:        274        298        254        268        262
   725:        260        262        266        304        277
   730:        253        268        263        295        238
   735:        274        260        280        267        234
   740:        264        257        283        245        242
   745:        265        266        250        261        252
   750:        228        268        251        254        239
   755:        241        246        276        240        227
   760:        239        250        291        233        260
   765:        229        251        260        230        228
   770:        235        272        236        258        240
   775:        242        235        256        249        262
   780:        260        266        231        244        274
   785:        247        249        234        254        262
   790:        250        255        249        250        237
   795:        273        238        267        235        243
   800:        242        244        245        237        274
   805:        244        246        222        245        257
   810:        255        251        244        255        273
   815:        255        245        264        247        250
   820:        240        242        224        260        248
   825:        231        230        229        278        254
   830:        256        255        228        266        249
   835:        253        252        249        264        254
   840:        243        255        216        253        230
   845:        241        244        258        242        245
   850:        237        249        257        253        247
   855:        248        229        231        225        276
   860:        231        240        239        235        243
   865:        232        241        231        245        249
   870:        267        245        237        242        246
   875:        268        243        221        238        227
   880:        257        234        252        243        245
   885:        235        284        220        253        241
   890:        250        240        205        250        216
   895:        254        237        231        237        251
   900:        270        290        244        265        287
   905:        254        245        254        254        237
   910:        248        243        249        244        267
   915:        225        226        255        255        275
   920:        230        261        239        241        242
   925:        263        249        230        246        220
   930:        226        248        221        286        278
   935:        256        267        233        246        242
   940:        245        254        241        232        230
   945:        256        248        247        233        242
   950:        247        233        215        240        260
   955:        229        278        292        256        288
   960:        249        255        261        284        240
   965:        223        257        264        237        254
   970:        252        241        248        231        274
   975:        274        262        252        248        213
   980:        234        251        222        229        264
   985:        286        240        244        258        258
   990:        245        214        244        220        284
   995:        247        263        251        236        237
  1000:        235        259        233        224        259
  1005:        269        241        246        243        243
  1010:        259        234        244        252        228
  1015:        229        242        225        228        275
  1020:        226        262        244        242        226
  1025:        244        220        237        205        218
  1030:        233        210        209        233        197
  1035:        207        220        230        212        213
  1040:        231        224        197        191        229
  1045:        213        210        197        195        197
  1050:        203        228        205        194        202
  1055:        210        192        200        219        226
  1060:        193        210        184        199        214
  1065:        186        195        187        222        167
  1070:        193        192        169        194        189
  1075:        199        181        164        195        196
  1080:        176        174        173        170        174
  1085:        150        176        185        174        177
  1090:        136        170        150        177        162
  1095:        150        162        160        161        140
  1100:        168        159        165        129        156
  1105:        172        133        161        147        149
  1110:        133        142        156        126        162
  1115:        130        125        157        152        138
  1120:        142        139        141        134        133
  1125:        128        166        133        111        124
  1130:        138        158        152        101        136
  1135:        143        119        123        139        140
  1140:        145        117        121        144        125
  1145:        134        119        127        126        121
  1150:        130        125        113        124        116
  1155:        142        110        136        129        142
  1160:        127        128        144        155        134
  1165:        124        124        132        140        149
  1170:        132        128        132        138        140
  1175:        134        124        163        164        165
  1180:        151        156        133        147        158
  1185:        147        173        146        149        174
  1190:        167        190        152        179        175
  1195:        174        177        187        209        207
  1200:        218        178        203        195        183
  1205:        167        203        226        210        222
  1210:        226        212        208        217        259
  1215:        262        246        267        237        265
  1220:        262        256        283        236        295
  1225:        284        298        280        297        297
  1230:        309        318        305        319        339
  1235:        345        327        350        337        368
  1240:        386        387        376        367        379
  1245:        370        412        405        424        411
  1250:        383        466        439        436        407
  1255:        421        461        422        498        489
  1260:        524        499        465        496        510
  1265:        525        529        532        547        569
  1270:        569        551        568        529        535
  1275:        517        588        600        593        594
  1280:        608        601        596        619        611
  1285:        645        576        629        611        630
  1290:        622        608        594        627        580
  1295:        676        604        650        700        634
  1300:        646        668        658        621        662
  1305:        657        646        648        655        642
  1310:        681        635        656        660        611
  1315:        633        612        619        641        654
  1320:        637        641        633        668        625
  1325:        633        687        652        590        598
  1330:        666        603        611        590        579
  1335:        594        575        576        592        574
  1340:        545        557        613        554        525
  1345:        544        541        534        560        515
  1350:        479        531        502        479        485
  1355:        466        501        497        472        472
  1360:        438        479        447        481        418
  1365:        446        417        417        380        412
  1370:        387        388        397        365        369
  1375:        377        358        319        383        333
  1380:        311        375        320        284        334
  1385:        309        298        271        289        275
  1390:        300        266        268        274        233
  1395:        257        261        252        242        258
  1400:        215        218        221        190        222
  1405:        210        215        201        178        197
  1410:        191        190        169        156        123
  1415:        169        149        169        143        163
  1420:        161        166        137        154        146
  1425:        153        152        151        134        126
  1430:        121        128        137        136        129
  1435:        131        126        107        114        106
  1440:        114        117        109        100        110
  1445:        122        101        111         94         92
  1450:        110        112        103        102         87
  1455:         75         95        120        100         72
  1460:         80         94         78         82         77
  1465:         89         88         85         73         82
  1470:         69         78         68         74         72
  1475:         71         74         64         68         95
  1480:         72         69         88         68         56
  1485:         54         82         72         69         81
  1490:         67         54         59         77         59
  1495:         63         80         76         50         66
  1500:         68         51         50         57         55
  1505:         48         77         55         61         52
  1510:         66         61         65         60         51
  1515:         52         56         52         62         56
  1520:         55         41         60         46         57
  1525:         52         64         45         45         60
  1530:         59         58         53         52         54
  1535:         44         56         54         49         57
  1540:         42         52         70         53         57
  1545:         63         68         53         46         57
  1550:         58         48         50         48         57
  1555:         46         52         47         47         63
  1560:         53         53         46         46         50
  1565:         51         42         45         47         44
  1570:         46         54         44         46         46
  1575:         61         45         56         48         54
  1580:         50         50         42         48         48
  1585:         57         39         50         39         43
  1590:         37         39         47         51         33
  1595:         45         47         51         42         36
  1600:         48         40         37         50         32
  1605:         52         40         47         50         44
  1610:         29         42         42         46         32
  1615:         27         37         31         30         26
  1620:         37         41         46         39         42
  1625:         36         36         31         37         36
  1630:         27         34         31         33         31
  1635:         35         34         35         37         34
  1640:         44         36         33         39         24
  1645:         37         35         49         37         33
  1650:         25         31         27         34         44
  1655:         30         30         34         37         43
  1660:         28         36         45         28         29
  1665:         37         32         45         24         33
  1670:         27         21         26         35         30
  1675:         35         27         34         21         36
  1680:         36         23         29         33         26
  1685:         18         26         28         30         28
  1690:         20         34         29         29         21
  1695:         28         26         34         28         31
  1700:         36         22         35         30         35
  1705:         33         32         29         37         36
  1710:         21         40         31         31         32
  1715:         28         27         33         33         31
  1720:         32         39         32         37         36
  1725:         28         25         38         48         41
  1730:         39         42         30         30         28
  1735:         36         28         30         28         32
  1740:         31         34         37         31         39
  1745:         33         45         30         36         39
  1750:         42         34         35         35         42
  1755:         44         30         39         43         52
  1760:         26         46         48         39         50
  1765:         51         42         54         52         45
  1770:         50         52         42         61         40
  1775:         49         60         53         40         37
  1780:         53         49         47         45         48
  1785:         45         44         42         61         44
  1790:         65         50         48         45         54
  1795:         59         59         57         63         54
  1800:         50         64         63         65         58
  1805:         47         52         49         55         51
  1810:         53         58         53         53         45
  1815:         57         56         44         55         63
  1820:         70         55         58         56         60
  1825:         65         59         48         47         50
  1830:         47         51         62         59         61
  1835:         52         58         56         62         54
  1840:         56         66         56         52         55
  1845:         67         70         62         58         59
  1850:         56         55         63         70         49
  1855:         66         48         53         56         46
  1860:         42         53         52         62         57
  1865:         54         61         55         51         59
  1870:         53         46         57         43         43
  1875:         45         37         39         41         48
  1880:         50         42         53         35         49
  1885:         48         45         45         46         46
  1890:         40         36         40         43         30
  1895:         46         45         48         41         41
  1900:         31         41         35         42         45
  1905:         27         39         49         24         38
  1910:         28         42         31         33         31
  1915:         35         26         30         22         29
  1920:         28         27         37         33         21
  1925:         32         27         28         37         29
  1930:         31         31         24         22         37
  1935:         30         36         26         25         19
  1940:         27         29         17         17         13
  1945:         17         29         25         11         18
  1950:         16         14         20         14          8
  1955:         16         17          7         10         17
  1960:         21         18         15         22          9
  1965:         19         10         14         13          5
  1970:         11         14         12          8         10
  1975:         10         15          8         10         13
  1980:         10          9         16          9         15
  1985:          5         13          6         10          6
  1990:          8         10          9          2          8
  1995:          7          7         10         15          5
  2000:         10         17         18         15         29
  2005:         14         23         20         15         18
  2010:         17         20         20         19         17
  2015:         24         11         18         19         21
  2020:         19         19         24         14         19
  2025:         17          8         12         11         11
  2030:         17         15         19         17         10
  2035:         19         15         12          8         14
  2040:         13         15          7          9         11